ID	Site	Treatment	Incubation	Timepoint	N28	N29	N30	Total_Signal	N2_in_Exet	N29_tot	N30_tot	Ex_N29_tot	Ex_N30_tot	Conc_N29	Conc_N30	Amount_N29	Amount_N30	Inc_time	N29_prod_rate	N29_prod_rate_norm	N30_prod_rate	N30_prod_rate_norm	D15	D14	Dtot	Dw	Dn
acid_start_1	Vent	Start	Start	T0	1.6172E-07	1.18496E-09	1.212E-10	1.63026E-07	253.0399067	7.27E-03	7.43E-04	1.59545E-05	4.46E-05	4.04E-03	0.011282859	9.69E-05	0.000270789	0	NA	NA	NA	NA	NA	NA	NA	NA	NA
acid_start_2	Vent	Start	Start	T0	1.55799E-07	1.14106E-09	1.16571E-10	1.57056E-07	239.5742392	7.27E-03	7.42E-04	1.27302E-05	4.34E-05	3.05E-03	0.010391527	7.32E-05	0.000249397	0	NA	NA	NA	NA	NA	NA	NA	NA	NA
acid_start_3	Vent	Start	Start	T0	1.63488E-07	1.19711E-09	1.22333E-10	1.64808E-07	257.0593836	7.26E-03	7.42E-04	1.11445E-05	4.34E-05	2.86E-03	0.011163185	6.88E-05	0.000267916	0	NA	NA	NA	NA	NA	NA	NA	NA	NA
acid_T1_+_Epi_L_1	Vent	Y	light	T1	1.95738E-07	1.43211E-09	1.489E-10	1.97319E-07	330.3957241	7.27E-03	0.000705884	8.72225E-06	3.94E-05	2.88E-03	0.013027949	6.92E-05	0.000312671	2	-5.22542E-06	2.49851E-05	-0.01741808	0.083283683	0.149149286	-0.015596658	-0.015596658	0.02587138	-0.041468037
acid_T1_+_Epi_L_2	Vent	Y	light	T1	1.90983E-07	1.39729E-09	1.45299E-10	1.92525E-07	319.5830415	7.27E-03	0.000703402	9.20727E-06	3.69E-05	2.94E-03	0.011808446	7.06E-05	0.000283403	2	-4.49712E-06	1.03511E-05	-0.014990388	0.034503543	0.054016698	-0.011734031	-0.011734031	0.009369716	-0.021103747
acid_T1_+_Epi_L_3	Vent	Y	light	T1	1.89954E-07	1.38969E-09	1.4588E-10	1.91489E-07	317.2467433	7.27E-03	0.000707955	9.42037E-06	4.15E-05	2.99E-03	0.013166466	7.17E-05	0.000315995	2	-3.94395E-06	2.66473E-05	-0.013146514	0.088824356	0.164502199	-0.012173634	-0.012173634	0.02853449	-0.040708124
acid_T1_+_Epi_L_4	Vent	Y	light	T1	1.93113E-07	1.41304E-09	1.49272E-10	1.94676E-07	324.4338361	7.27E-03	0.000710345	1.12141E-05	4.39E-05	3.64E-03	0.014240216	8.73E-05	0.000341765	2	3.85187E-06	3.95323E-05	0.012839563	0.13177434	0.276388243	0.013465081	0.013465081	0.047942202	-0.034477121
acid_T1_-_Epi_L_1	Vent	N	light	T1	2.00269E-07	1.46467E-09	1.56046E-10	2.01889E-07	340.7060405	7.27E-03	0.000711371	8.30068E-06	4.43E-05	2.83E-03	0.015084659	6.79E-05	0.000362032	2	-5.86985E-06	4.96656E-05	-0.019566182	0.16555208	0.311537978	-0.018409943	-0.018409943	0.054039262	-0.072449205
acid_T1_-_Epi_L_2	Vent	N	light	T1	2.00113E-07	1.46314E-09	1.56448E-10	2.01733E-07	340.3527346	7.27E-03	0.000711401	6.98516E-06	4.43E-05	2.38E-03	0.015079203	5.71E-05	0.000361901	2	-1.12779E-05	4.96001E-05	-0.037593059	0.16533382	0.29307458	-0.033319166	-0.033319166	0.050836608	-0.084155774
acid_T1_-_Epi_L_3	Vent	N	light	T1	1.84507E-07	1.34916E-09	1.45131E-10	1.86001E-07	304.8661871	7.27E-03	0.000713582	8.2518E-06	4.65E-05	2.52E-03	0.014171992	6.04E-05	0.000340128	2	-9.61859E-06	3.87136E-05	-0.032061981	0.129045381	0.226028781	-0.028079	-0.028079	0.039206868	-0.067285868
acid_T1_+_Epi_D_1	Vent	Y	dark	T1	1.94848E-07	1.42427E-09	1.53694E-10	1.96426E-07	328.38262	7.27E-03	0.000713199	6.29072E-06	4.61E-05	2.07E-03	0.015139361	4.96E-05	0.000363345	2	-1.50178E-05	5.0322E-05	-0.050059333	0.167740142	0.285420952	-0.042589633	-0.042589633	0.049509012	-0.092098646
acid_T1_+_Epi_D_2	Vent	Y	dark	T1	1.93453E-07	1.41422E-09	1.53565E-10	1.95021E-07	325.213127	7.27E-03	0.00071561	7.60996E-06	4.85E-05	2.47E-03	0.015777334	5.94E-05	0.000378656	2	-1.01087E-05	5.79777E-05	-0.03369551	0.193259057	0.352822604	-0.030758034	-0.030758034	0.061200478	-0.091958512
acid_T1_+_Epi_D_3	Vent	Y	dark	T1	1.94664E-07	1.42297E-09	1.55523E-10	1.96243E-07	327.9691965	7.27E-03	0.000715557	8.53403E-06	3.58E-05	2.80E-03	0.011728583	6.72E-05	0.000281486	2	-6.22014E-06	9.39272E-06	-0.020733809	0.031309055	0.0418843	-0.013868529	-0.013868529	0.007265235	-0.021133765
acid_T1_+_Epi_D_4	Vent	Y	dark	T1	1.93525E-07	1.41412E-09	1.54851E-10	1.95094E-07	325.3782206	7.27E-03	0.000714214	6.51372E-06	3.44E-05	2.12E-03	0.011198776	5.09E-05	0.000268771	2	-1.43739E-05	3.03503E-06	-0.047912873	0.010116751	-0.02767937	0.065544664	0.065544664	-0.004801253	0.070345918
acid_T1_-_Epi_D_1	Vent	N	dark	T1	1.88331E-07	1.37611E-09	1.50734E-10	1.89857E-07	313.5653252	7.27E-03	0.000711857	6.86939E-06	3.21E-05	2.15E-03	0.010053349	5.17E-05	0.00024128	2	-1.39589E-05	-1.07101E-05	-0.046529774	-0.035700323	-0.11793042	-0.076851906	-0.076851906	-0.020456167	-0.05639574
acid_T1_-_Epi_D_2	Vent	N	dark	T1	1.88286E-07	1.37565E-09	1.51439E-10	1.89813E-07	313.465261	7.27E-03	0.000713193	6.73973E-06	3.34E-05	2.11E-03	0.010468729	5.07E-05	0.000251249	2	-1.44549E-05	-5.72554E-06	-0.048183012	-0.01908512	-0.086353252	-0.109005336	-0.109005336	-0.014978803	-0.094026533
acid_T1_-_Epi_D_3	Vent	N	dark	T1	1.95104E-07	1.42561E-09	1.57189E-10	1.96687E-07	328.9703173	7.27E-03	0.000711976	8.13019E-06	3.22E-05	2.67E-03	0.010586326	6.42E-05	0.000254072	2	-7.71184E-06	-4.31437E-06	-0.025706144	-0.014381229	-0.054468601	-0.048680739	-0.048680739	-0.009448103	-0.039232636
acid_T2_L_C1	Vent	Ctrl	light	T2	1.62646E-07	1.1839E-09	1.28896E-10	1.63959E-07	334.0656155	7.22E-03	7.86E-04	1.28807E-05	-1.07E-06	4.30E-03	-0.000356921	1.03E-04	-8.5661E-06	6.416666667	3.68702E-06	-4.22753E-05	NA	NA	NA	NA	NA	NA	NA
acid_T2_L_C2	Vent	Ctrl	light	T2	1.51241E-07	1.10037E-09	1.20034E-10	1.52461E-07	302.3441345	7.22E-03	7.87E-04	1.07203E-05	6.32E-06	3.24E-03	0.001911687	7.78E-05	4.58805E-05	6.5	-2.80743E-07	-3.33569E-05	NA	NA	NA	NA	NA	NA	NA
acid_T2_D_C1	Vent	Ctrl	dark	T2	1.59591E-07	1.16099E-09	1.26122E-10	1.60878E-07	325.5667898	7.22E-03	7.84E-04	9.93368E-06	2.97E-06	3.23E-03	0.000968055	7.76E-05	2.32333E-05	6.533333333	-3.05518E-07	-3.66532E-05	NA	NA	NA	NA	NA	NA	NA
acid_T2_D_C2	Vent	Ctrl	dark	T2	1.58382E-07	1.15071E-09	1.2358E-10	1.59656E-07	322.1941038	7.21E-03	7.74E-04	7.87177E-07	-6.95E-06	2.54E-04	-0.002237911	6.08697E-06	-5.37099E-05	6.583333333	-1.11686E-05	-4.80623E-05	NA	NA	NA	NA	NA	NA	NA
acid_T2_+Epi_L1	Vent	Y	light	T2	1.54942E-07	1.13061E-09	1.28279E-10	1.56201E-07	312.6605959	7.24E-03	8.21E-04	2.61036E-05	6.04E-05	8.16E-03	0.018888438	1.96E-04	0.000453323	4.95	2.34876E-05	3.85095E-05	0.078292094	0.128364942	0.335021978	0.102167974	0.102167974	0.033002165	0.069165809
acid_T2_+Epi_L2	Vent	Y	light	T2	1.53066E-07	1.11581E-09	1.24906E-10	1.54307E-07	307.4348209	7.23E-03	8.09E-04	1.90373E-05	4.86E-05	5.85E-03	0.014952002	0.000140465	0.000358848	5.033333333	1.20897E-05	1.91021E-05	0.040298858	0.063673822	0.167646503	0.053051336	0.053051336	0.016514432	0.036536904
acid_T2_+Epi_L3	Vent	Y	light	T2	1.64916E-07	1.20147E-09	1.33555E-10	1.66251E-07	340.3896241	7.23E-03	8.03E-04	1.47592E-05	4.25E-05	5.02E-03	0.014468223	0.000120573	0.000347237	5.066666667	8.08402E-06	1.66849E-05	0.026946742	0.055616305	0.138179352	0.033474746	0.033474746	0.013611697	0.019863049
acid_T2_+Epi_L4	Vent	Y	light	T2	1.62148E-07	1.18136E-09	1.30876E-10	1.63461E-07	332.6909013	7.23E-03	8.01E-04	1.51057E-05	3.98E-05	5.03E-03	0.013250177	1.21E-04	0.000318004	5.116666667	8.0128E-06	1.08085E-05	0.026709339	0.036028462	0.098766263	0.03660969	0.03660969	0.009729214	0.026880476
acid_T2_-Epi_L1	Vent	N	light	T2	1.6153E-07	1.17684E-09	1.30242E-10	1.62837E-07	330.9718913	7.23E-03	8.00E-04	1.68122E-05	1.41E-05	5.56E-03	0.004669107	1.34E-04	0.000112059	5.15	1.0472E-05	-2.92509E-05	0.034906833	-0.097502918	-0.160099002	0.028658369	0.028658369	-0.015770946	0.044429315
acid_T2_-Epi_L2	Vent	N	light	T2	1.56292E-07	1.13769E-09	1.25655E-10	1.57555E-07	316.3970318	7.22E-03	7.98E-04	1.06746E-05	1.18E-05	3.38E-03	0.00373733	8.11E-05	8.97E-05	5.183333333	2.78569E-07	-3.33771E-05	0.000928563	-0.111257017	-0.221585471	0.000924688	0.000924688	-0.021827823	0.022752511
acid_T2_-Epi_L3	Vent	N	light	T2	1.75162E-07	1.27517E-09	1.40134E-10	1.76577E-07	368.8794493	7.22E-03	7.94E-04	1.13664E-05	7.89E-06	4.19E-03	0.002910822	1.01E-04	6.99E-05	5.25	4.0026E-06	-3.67316E-05	0.013341985	-0.122438635	-0.231535284	0.012615056	0.012615056	-0.022807953	0.035423009
acid_T2_+Epi_D1	Vent	Y	dark	T2	1.72156E-07	1.25349E-09	1.37977E-10	1.73548E-07	360.5211691	7.22E-03	7.95E-04	1.24642E-05	9.32E-06	4.49E-03	0.003359015	0.000107846	8.06164E-05	5.283333333	5.34369E-06	-3.44639E-05	0.017812292	-0.114879627	-0.211946962	0.016431378	0.016431378	-0.020878357	0.037309736
acid_T2_+Epi_D2	Vent	Y	dark	T2	1.63161E-07	1.1876E-09	1.30577E-10	1.64479E-07	335.5019024	7.22E-03	7.94E-04	1.00813E-05	8.16E-06	3.38E-03	0.002738449	8.11751E-05	6.57228E-05	5.383333333	2.90012E-07	-3.65903E-05	0.000966706	-0.121967674	-0.242968643	0.000962875	0.000962875	-0.023934225	0.0248971
acid_T2_+Epi_D3	Vent	Y	dark	T2	1.53924E-07	1.12024E-09	1.22506E-10	1.55167E-07	309.8093152	7.22E-03	7.90E-04	1.22333E-05	8.49E-06	3.79E-03	0.002631813	9.10E-05	6.31635E-05	5.4	2.10115E-06	-3.69513E-05	0.007003826	-0.123171025	-0.239338224	0.006804698	0.006804698	-0.023576601	0.030381299
acid_T2_+Epi_D4	Vent	Y	dark	T2	1.58989E-07	1.15735E-09	1.26569E-10	1.60273E-07	323.8959428	7.22E-03	7.90E-04	1.3789E-05	8.69E-06	4.47E-03	0.002816188	1.07E-04	6.75885E-05	5.45	5.05969E-06	-3.58004E-05	0.016865621	-0.119334587	-0.221803554	0.015673807	0.015673807	-0.021849305	0.037523113
acid_T2_-Epi_D1	Vent	N	dark	T2	1.60666E-07	1.16953E-09	1.28032E-10	1.61963E-07	328.5596309	7.22E-03	7.91E-04	1.36399E-05	9.49E-06	4.48E-03	0.00311745	0.000107556	7.48188E-05	5.483333333	5.09585E-06	-3.42642E-05	0.016986167	-0.114213842	-0.211441517	0.015723055	0.015723055	-0.020828567	0.036551622
acid_T2_-Epi_D2	Vent	N	dark	T2	1.5775E-07	1.14794E-09	1.25252E-10	1.59023E-07	320.4468299	7.22E-03	7.88E-04	1.13949E-05	6.6223E-06	0.003651474	0.002122094	8.76354E-05	5.09303E-05	5.516666667	1.45405E-06	-3.83874E-05	0.00484682	-0.127957897	-0.251068974	0.004755026	0.004755026	-0.024732168	0.029487193
acid_T2_-Epi_D3	Vent	N	dark	T2	1.61365E-07	1.1744E-09	1.28288E-10	1.62667E-07	330.5028806	7.22E-03	7.89E-04	1.23248E-05	7.64E-06	4.07E-03	0.002523567	9.77611E-05	6.05656E-05	5.6	3.24E-06	-3.60955E-05	0.010801917	-0.120318425	-0.229834933	0.010317032	0.010317032	-0.022640456	0.032957488
control_start_1	Ambient	Start	Start	T0	1.73897E-07	1.27294E-09	1.31201E-10	1.75301E-07	280.7297086	7.26E-03	7.48E-04	8.90851E-06	4.96E-05	2.50E-03	0.013918355	6.00212E-05	0.000334041	0	NA	NA	NA	NA	NA	NA	NA	NA	NA
control_start_2	Ambient	Start	Start	T0	1.74203E-07	1.27477E-09	1.30936E-10	1.75609E-07	281.4243884	7.26E-03	7.46E-04	6.57232E-06	4.68E-05	1.85E-03	0.013159707	4.43907E-05	0.000315833	0	NA	NA	NA	NA	NA	NA	NA	NA	NA
control_start_3	Ambient	Start	Start	T0	1.86368E-07	1.36366E-09	1.41303E-10	1.87872E-07	309.0877197	7.26E-03	7.52E-04	9.93144E-06	3.44E-05	3.07E-03	0.010624067	7.37E-05	2.55E-04	0	NA	NA	NA	NA	NA	NA	NA	NA	NA
control_T1_+Epi_L_1	Ambient	Y	light	T1	1.97347E-07	1.44146E-09	1.58484E-10	1.98946E-07	334.0676939	7.27E-03	0.000704281	6.29897E-06	2.60E-05	2.10E-03	0.008673078	5.05E-05	2.08E-04	2	-4.43E-06	-4.67316E-05	-1.48E-02	-0.155771922	-0.326308296	-1.55E-02	-0.015464158	-0.056601316	0.041137158
control_T1_+Epi_L_2	Ambient	Y	light	T1	1.9525E-07	1.42651E-09	1.57729E-10	1.96835E-07	329.3038091	7.27E-03	0.000706428	8.74231E-06	2.81E-05	2.88E-03	0.009256433	6.91E-05	2.22E-04	2	4.87E-06	-3.97313E-05	1.62E-02	-0.132437719	-0.248656174	1.52E-02	0.015226101	-0.043131807	0.058357908
control_T1_+Epi_L_3	Ambient	Y	light	T1	1.93177E-07	1.40709E-09	1.59084E-10	1.94744E-07	324.5871282	7.25E-03	0.000719422	-1.25739E-05	4.11E-05	-4.08E-03	0.013341309	-9.79519E-05	3.20E-04	2	-7.87E-05	9.28719E-06	-2.62E-01	0.030957304	-0.200274315	8.48E-01	NA	-0.034739508	NA
control_T1_+Epi_L_4	Ambient	Y	light	T1	1.87918E-07	1.37268E-09	1.51864E-10	1.89442E-07	312.6289557	7.27E-03	0.000701607	8.5976E-06	2.33E-05	2.69E-03	0.007280521	6.45086E-05	1.75E-04	2	2.57E-06	-6.34423E-05	8.58E-03	-0.211474225	-0.414369787	8.40E-03	0.008404663	-0.071876429	0.080281092
control_T1_-Epi_L_1	Ambient	N	light	T1	1.91751E-07	1.40088E-09	1.55432E-10	1.93307E-07	321.3464123	7.27E-03	0.00070147	1.02831E-05	2.32E-05	3.30E-03	0.007439478	7.93E-05	1.79E-04	2	9.97E-06	-6.15348E-05	3.32E-02	-0.205115946	-0.376990118	3.05E-02	0.030548137	-0.065392566	0.095940703
control_T1_-Epi_L_2	Ambient	N	light	T1	1.9076E-07	1.39306E-09	1.54792E-10	1.92308E-07	319.0936956	7.27E-03	0.000697189	9.47543E-06	2.78E-05	3.02E-03	0.008862537	7.26E-05	2.13E-04	2	6.60E-06	-4.44581E-05	2.20E-02	-0.148193571	-0.274380808	2.04E-02	0.020372394	-0.047593993	0.067966387
control_T1_-Epi_L_3	Ambient	N	light	T1	1.88604E-07	1.37231E-09	1.55672E-10	1.90132E-07	314.1855078	7.24E-03	0.000708466	-1.61391E-05	3.91E-05	-5.07E-03	0.012269448	-0.000121696	2.94E-04	2	-9.05E-05	-3.57515E-06	-3.02E-01	-0.011917151	-0.325597221	-4.12E+00	NA	-0.056477973	NA
control_T1_+Epi_D_1	Ambient	Y	dark	T1	1.86397E-07	1.35737E-09	1.54215E-10	1.87909E-07	309.1694274	7.25E-03	0.000707838	-9.62758E-06	3.84E-05	-2.98E-03	0.011879257	-7.14373E-05	2.85E-04	2	-6.54E-05	-8.25743E-06	-2.18E-01	-0.027524772	-0.273047424	-1.08E+00	NA	-0.047362705	NA
control_T1_+Epi_D_2	Ambient	Y	dark	T1	1.94565E-07	1.41964E-09	1.58385E-10	1.96143E-07	327.7434854	7.27E-03	0.00069208	5.26526E-06	2.27E-05	1.73E-03	0.00742822	4.14157E-05	1.78E-04	2	-8.97E-06	-6.16699E-05	-2.99E-02	-0.205566258	-0.441042049	-3.21E-02	-0.032085425	-0.07650299	0.044417565
control_T1_+Epi_D_3	Ambient	Y	dark	T1	1.88593E-07	1.37612E-09	1.5327E-10	1.90122E-07	314.1625241	7.27E-03	0.000688182	6.18183E-06	1.88E-05	1.94E-03	0.005895831	4.66104E-05	1.41E-04	2.00E+00	-6.38E-06	-8.00585E-05	-2.13E-02	-0.266861803	-5.55E-01	-2.21E-02	-0.022097966	-0.096265821	0.074167855
control_T1_+Epi_D_4	Ambient	Y	dark	T1	1.96308E-07	1.4329E-09	1.61363E-10	1.97902E-07	331.7118475	7.27E-03	0.000692251	1.05861E-05	2.77E-05	3.51E-03	0.009194375	8.43E-05	2.21E-04	2	1.25E-05	-4.0476E-05	4.15E-02	-0.13492004	-0.228314435	3.51E-02	0.03513527	-0.039603337	0.074738607
control_T1_-Epi_D_1	Ambient	N	dark	T1	1.81479E-07	1.32419E-09	1.49766E-10	1.82953E-07	297.9915178	7.27E-03	0.000692921	8.60674E-06	2.84E-05	2.56E-03	0.008459576	6.15537E-05	2.03E-04	2	1.10E-06	-4.92936E-05	3.65E-03	-0.164312031	-0.324970299	3.61E-03	0.003613138	-0.056369227	0.059982365
control_T1_-Epi_D_2	Ambient	N	dark	T1	1.91185E-07	1.39134E-09	1.58197E-10	1.92734E-07	320.0541469	7.25E-03	0.000692558	-9.6532E-06	2.80E-05	-3.09E-03	0.008969631	-7.41E-05	2.15E-04	2	-6.68E-05	-4.31729E-05	-2.23E-01	-0.143909807	-0.51033722	-3.95E-01	NA	-0.088522904	NA
control_T2_L_C1	Ambient	Ctrl	light	T2	1.62614E-07	1.18369E-09	1.28648E-10	1.63926E-07	333.9763299	7.22E-03	7.85E-04	1.42023E-05	3.81E-06	4.74E-03	0.00127276	0.000113837	3.05E-05	6.633333333	8.21E-06	-4.08649E-05	NA	NA	NA	NA	NA	NA	NA
control_T2_L_C2	Ambient	Ctrl	light	T2	1.52798E-07	1.11203E-09	1.20749E-10	1.54031E-07	306.673513	7.22E-03	7.84E-04	1.28932E-05	2.95E-06	3.95E-03	0.000903906	9.48964E-05	2.17E-05	6.683333333	5.32E-06	-4.18838E-05	NA	NA	NA	NA	NA	NA	NA
control_T2_D_C1	Ambient	Ctrl	dark	T2	1.65624E-07	1.20494E-09	1.30367E-10	1.66959E-07	342.3440818	7.22E-03	7.81E-04	1.07195E-05	4.11E-06	3.67E-03	0.001405813	8.81E-05	3.37395E-05	6.7	4.29E-06	-3.99817E-05	NA	NA	NA	NA	NA	NA	NA
control_T2_D_C2	Ambient	Ctrl	dark	T2	1.60523E-07	1.16827E-09	1.27055E-10	1.61818E-07	328.160014	7.22E-03	7.85E-04	1.33427E-05	8.45E-06	4.38E-03	0.002771686	1.05E-04	6.65E-05	6.716666667	6.81E-06	-3.5002E-05	NA	NA	NA	NA	NA	NA	NA
control_T2_+Epi_L1	Ambient	Y	light	T2	1.66962E-07	1.2155E-09	1.32725E-10	1.6831E-07	346.0718171	7.22E-03	7.89E-04	1.55775E-05	7.44E-06	5.39E-03	0.002573461	1.29E-04	6.18E-05	5.65	1.24E-05	-4.2452E-05	4.13E-02	-0.141506762	-0.241703059	3.53E-02	0.035280525	-0.041925723	0.077206248
control_T2_+Epi_L2	Ambient	Y	light	T2	1.63142E-07	1.18796E-09	1.30333E-10	1.6446E-07	335.4486873	7.22E-03	7.92E-04	1.71839E-05	1.14E-05	5.76E-03	0.003807762	1.38E-04	9.14E-05	5.683333333	1.39E-05	-3.69907E-05	4.63E-02	-0.12330249	-0.200281226	3.76E-02	0.037622024	-0.034740707	0.072362731
control_T2_+Epi_L3	Ambient	Y	light	T2	1.4343E-07	1.04437E-09	1.14185E-10	1.44589E-07	280.6233757	7.22E-03	7.90E-04	1.68304E-05	8.59E-06	4.72E-03	0.002410236	1.13E-04	5.78E-05	5.75	9.39E-06	-4.2395E-05	0.031298782	-0.141316738	-0.251334695	0.02783276	0.02783276	-0.043596423	0.071429183
control_T2_+Epi_L4	Ambient	Y	light	T2	1.58782E-07	1.1556E-09	1.25075E-10	1.60062E-07	323.3156193	7.22E-03	7.81E-04	1.35261E-05	2.76E-07	4.37E-03	8.92007E-05	0.000104957	2.14E-06	5.833333333	7.82E-06	-5.13388E-05	2.61E-02	-0.171129266	-0.316204037	2.41E-02	0.024071092	-0.054848635	0.078919727
control_T2_-Epi_L1	Ambient	N	light	T2	1.39915E-07	1.01836E-09	1.11168E-10	1.41045E-07	270.8448132	7.22E-03	7.88E-04	1.39586E-05	7.04E-06	3.78E-03	0.001906596	9.07E-05	4.58E-05	5.866666667	5.35E-06	-4.36123E-05	1.78E-02	-0.145374281	-0.272922791	1.67E-02	0.016732874	-0.047341086	0.06407396
control_T2_-Epi_L2	Ambient	N	light	T2	1.55269E-07	1.13041E-09	1.24358E-10	1.56524E-07	313.5525476	7.22E-03	7.94E-04	1.47036E-05	9.70E-06	4.61E-03	0.003040483	1.11E-04	7.30E-05	5.9	8.69E-06	-3.87535E-05	2.90E-02	-0.129178221	-0.229380904	2.57E-02	0.025725835	-0.039788326	0.065514161
control_T2_-Epi_L3	Ambient	N	light	T2	1.57212E-07	1.14249E-09	1.24125E-10	1.58479E-07	318.9459865	7.21E-03	7.83E-04	1.81324E-06	-1.57E-06	5.78E-04	-0.000501263	1.38798E-05	-1.20E-05	5.933333333	-7.67E-06	-5.28619E-05	-2.56E-02	-0.176206367	-0.377964197	-2.74E-02	-0.027404055	-0.065561529	0.038157474
control_T2_+Epi_D1	Ambient	Y	dark	T2	1.59648E-07	1.16203E-09	1.26408E-10	1.60937E-07	325.7274326	7.22E-03	7.85E-04	1.31258E-05	6.52E-07	4.28E-03	0.000212415	1.03E-04	5.10E-06	6	7.20813E-06	-4.94198E-05	0.024027096	-0.164732822	-0.305438547	0.022274861	0.022274861	-0.052981257	0.075256117
control_T2_+Epi_D2	Ambient	Y	dark	T2	1.57201E-07	1.14422E-09	1.24475E-10	1.5847E-07	318.9211044	7.22E-03	7.85E-04	1.3153E-05	6.78E-07	4.19E-03	0.000216363	1.01E-04	5.19E-06	6.066666667	6.8099E-06	-4.88612E-05	0.022699659	-0.162870511	-0.303041363	0.021117806	0.021117806	-0.052565442	0.073683248
control_T2_+Epi_D3	Ambient	Y	dark	T2	1.64217E-07	1.19577E-09	1.30314E-10	1.65543E-07	338.437234	7.22E-03	7.87E-04	1.60081E-05	2.39E-06	5.42E-03	0.000808461	0.000130026	1.94E-05	6.133333333	1.15214E-05	-4.60131E-05	0.038404504	-0.153377159	-0.268349813	0.033596403	0.033596403	-0.046547859	0.080144261
control_T2_+Epi_D4	Ambient	Y	dark	T2	1.63651E-07	1.19128E-09	1.31248E-10	1.64974E-07	336.8655388	7.22E-03	7.96E-04	1.3167E-05	8.35E-06	4.44E-03	0.002814066	1.06E-04	6.75E-05	6.15	7.65699E-06	-3.80617E-05	0.0255233	-0.126872328	-0.228221356	0.022955999	0.022955999	-0.039587191	0.06254319
control_T2_-Epi_D1	Ambient	N	dark	T2	1.59234E-07	1.15668E-09	1.23139E-10	1.60514E-07	324.5605895	7.21E-03	7.67E-04	-1.74142E-06	-2.01E-05	-5.65E-04	-0.006510587	-1.36E-05	-1.56E-04	6.2	-1.17623E-05	-7.38502E-05	-0.039207587	-0.246167269	-0.531542126	-0.042329925	-0.042329925	-0.092201099	0.049871174
control_T2_-Epi_D2	Ambient	N	dark	T2	1.60346E-07	1.16678E-09	1.28175E-10	1.61641E-07	327.6717564	7.22E-03	7.93E-04	1.04779E-05	5.74E-06	3.43E-03	0.001881908	8.24E-05	4.52E-05	6.25	3.68605E-06	-4.10322E-05	0.012286837	-0.136773989	-0.26126114	0.011734955	0.011734955	-0.04531826	0.057053215
control_T2_-Epi_D3	Ambient	N	dark	T2	1.63516E-07	1.18885E-09	1.27678E-10	1.64833E-07	336.4770817	7.21E-03	7.75E-04	4.617E-06	-1.26E-05	0.001553515	-0.004247232	3.72844E-05	-0.000101934	6.283333333	-3.51359E-06	-6.42256E-05	-0.011711971	-0.214085204	-0.439882379	-0.012032335	-0.012032335	-0.076301834	0.064269499