Label	Sample	Weight	Area_N_Flash_TCD 	Area_C_Flash_TCD 	Corrected_Area_C	"ľg_N/cup 
"	mg_N/kg_dry_sample	"ľg_C/cup 
"	mg_C/kg_dry_sample	"
C/N"	ľgN
blank	blank	NA	0	NA	NA	NA	NA	NA	NA	NA	NA
Fix_A_+Epi_T0_a	Leaf	2.1227	20420	2513178	2513178	15.2	7180	710.2	334567	54.4	1524.034346
Fix_A_+Epi_T0_b	Leaf	1.926	33330	2402840	2402840	24.9	12916	679	352547	31.8	2487.564386
Fix_A_+Epi_T0_c	Leaf	1.7163	36929	2106840	2106840	27.6	16059	595.4	346886	25.2	2756.173574
Fix_A_+Epi_T0_d	Leaf	1.3622	28757	1736416	1736416	21.5	15756	490.7	360215	26.7	2146.261298
Fix_A_+Epi_T0_e	Leaf	2.3477	28753	2668043	2668043	21.5	9141	753.9	321144	41	2145.96276
Fix_A_+Epi_T0_f	Leaf	2.3486	27310	2765447	2765447	20.4	8679	781.5	332740	44.7	2038.265328
Fix_A_+Epi_T0_g	Leaf	1.8764	35995	2299624	2299624	26.9	14317	649.8	346322	28.2	2686.465049
Fix_C_+Epi_T0_a	Leaf	2.1135	45320	2616583	2616583	33.8	16004	739.4	349850	25.5	3382.430783
Fix_C_+Epi_T0_b	Leaf	2.6223	25420	3157013	3157013	19	7235	892.1	340207	54.9	1897.206322
Fix_C_+Epi_T0_c	Leaf	1.887	30798	2332611	2332611	23	12181	659.2	349317	33.5	2298.590098
Fix_C_+Epi_T0_d	Leaf	1.8623	25419	2238220	2238220	19	10187	632.5	339627	38.9	1897.131687
Fix_C_+Epi_T0_e	Leaf	1.7677	41280	2194643	2194643	30.8	17429	620.2	350836	23.5	3080.907827
Fix_C_+Epi_T0_f	Leaf	2.341	45924	2711616	2711616	34.3	14641	766.3	327322	26.1	3427.509957
Fix_C_+Epi_T0_g	Leaf	1.8994	36639	2245564	2245564	27.3	14397	634.6	334086	27.1	2734.529599
Fix_A_L_T1_+Epi_a	Leaf	2.4948	38021	3189709	3189709	28.4	11374	901.4	361297	37.1	2837.674333
Fix_A_L_T1_+Epi_b	Leaf	2.606	33353	3347920	3347920	24.9	9552	946.1	363036	44.3	2489.280977
Fix_A_L_T1_+Epi_c	Leaf	2.0632	32778	2769230	2769230	24.5	11857	782.5	379286	37.3	2446.3662
Fix_A_L_T1_+Epi_d	Leaf	2.2355	28301	3069853	3069853	21.1	9449	867.5	388054	47.9	2112.228014
Fix_A_L_T1_-Epi_a	Leaf	1.9625	28112	2629915	2629915	21	10691	743.2	378688	41.3	2098.122113
Fix_A_L_T1_-Epi_b	Leaf	2.1269	25895	2766554	2766554	19.3	9087	781.8	367571	47.2	1932.657659
Fix_A_L_T1_-Epi_c	Leaf	2.6059	31677	3322577	3322577	23.6	9072	938.9	360302	46.3	2364.193731
Fix_A_L_T1_C1	Leaf	2.4703	58584	3376151	3376151	43.7	17700	954	386208	25.5	4372.381398
Fix_A_L_T1_C2	Leaf	2.0572	19631	2588282	2588282	14.7	7122	731.4	355536	58.2	1465.147809
Fix_A_D_T1_+Epi_a	Leaf	2.1922	37385	2930657	2930657	27.9	12728	828.2	377776	34.6	2790.206858
Fix_A_D_T1_+Epi_b	Leaf	2.1155	25570	2707110	2707110	19.1	9021	765	361611	46.8	1908.401481
Fix_A_D_T1_+Epi_c	Leaf	2.1033	33057	2749275	2749275	24.7	11730	776.9	369374	36.7	2467.189196
Fix_A_D_T1_+Epi_d	Leaf	2.0752	18286	2628202	2628202	13.6	6577	742.7	357889	63.5	1364.764547
Fix_A_D_T1_-Epi_a	Leaf	2.1035	36355	2843658	2843658	27.1	12899	803.6	382018	34.6	2713.333431
Fix_A_D_T1_-Epi_b	Leaf	2.1664	40606	2974304	2974304	30.3	13989	840.5	387968	32.4	3030.604245
Fix_A_D_T1_-Epi_c	Leaf	1.9687	15354	2472044	2472044	11.5	5821	698.6	354834	71.1	1145.936501
Fix_A_D_T1_C1	Leaf	2.2253	20818	2803937	2803937	15.5	6982	792.4	356065	59.5	1553.738836
Fix_A_D_T1_C2	Leaf	1.8858	21001	2420893	2420893	15.7	8312	684.1	362768	50.9	1567.39693
Fix_A_D_T1_C3	Leaf	2.1149	27920	2839367	2839367	20.8	9853	802.4	379385	44.9	2083.792309
Fix_C_L_T1_+Epi_a	Leaf	2.3754	56359	3331482	3331482	42.1	17708	941.4	396323	26.1	4206.319869
Fix_C_L_T1_+Epi_b	Leaf	2.1832	34197	2724092	2724092	25.5	11691	769.8	352596	35.2	2552.272407
Fix_C_L_T1_+Epi_c	Leaf	2.1822	34373	2701818	2701818	25.7	11756	763.5	349873	34.7	2565.40806
Fix_C_L_T1_+Epi_d	Leaf	2.3815	35196	3092053	3092053	26.3	11030	873.8	366898	38.8	2626.832167
Fix_C_L_T1_-Epi_a	Leaf	2.5543	46157	3306936	3306936	34.4	13487	934.5	365850	31.6	3444.899771
Fix_C_L_T1_-Epi_b	Leaf	2.0221	30581	2571943	2571943	22.8	11287	726.8	359425	37.2	2282.394434
Fix_C_L_T1_-Epi_c	Leaf	1.9767	29779	2469242	2469242	22.2	11244	697.8	352998	36.6	2222.53765
Fix_C_L_T1_C1	Leaf	2.1493	29994	2755485	2755485	22.4	10415	778.7	362285	40.6	2238.584044
Fix_C_L_T1_C2	Leaf	2.136	38383	2961330	2961330	28.6	13411	836.8	391773	34.1	2864.691984
Fix_C_L_T1_C3	Leaf	2.3331	33236	3086410	3086410	24.8	10632	872.2	373826	41	2480.548753
Fix_C_D_T1_+Epi_a	Leaf	2.1488	35290	2790525	2790525	26.3	12257	788.6	366977	34.9	2633.847801
Fix_C_D_T1_+Epi_b	Leaf	2.1524	32783	2702134	2702134	24.5	11367	763.6	354759	36.4	2446.739372
Fix_C_D_T1_+Epi_c	Leaf	1.8055	19506	1574885	1574885	14.6	8063	445	246491	35.7	1455.818509
Fix_C_D_T1_+Epi_d	Leaf	2.1478	32875	2714618	2714618	24.5	11424	767.1	357161	36.5	2453.605737
Fix_C_D_T1_-Epi_a	Leaf	2.4156	29876	3125698	3125698	22.3	9231	883.3	365655	46.2	2229.777186
Fix_C_D_T1_-Epi_b	Leaf	2.4276	34474	3368648	3368648	25.7	10599	951.9	392128	43.2	2572.946134
Fix_C_D_T1_-Epi_c	Leaf	2.5569	37867	2732733	2732733	28.3	11053	772.2	302018	31.9	2826.180637
Fix_C_D_T1_C1	Leaf	2.701	15248	2627845	2627845	11.4	4213	742.6	274931	76.1	1138.025255
Fix_C_D_T1_C2	Leaf	2.0423	42040	2906788	2906788	31.4	15363	821.4	402201	30.5	3137.629967
Fix_C_D_T1_C3	Leaf	2.08	23869	2838731	2838731	17.8	8565	802.2	385665	52.5	1781.448375
Fix_C_+Epi_L_T2_a_	Leaf	2.1233	26802	2727131	2723700	20.00732796	9422.75136	767.9571908	361680.964	44.78109509	2000.732796
Fix_C_+Epi_L_T2_b	Leaf	2.0275	38429	2602198	2598767	28.6867251	14148.81633	732.7318738	361396.7319	29.79963205	2868.67251
Fix_C_+Epi_L_T2_c	Leaf	2.0243	32514	2335562	2332131	24.27125817	11989.95118	657.5528771	324829.757	31.6071387	2427.125817
Fix_C_+Epi_L_T2_d	Leaf	2.0359	31504	2318791	2315360	23.51730692	11551.30749	652.8242322	320656.3349	32.38586261	2351.730692
Fix_C_-Epi_L_T2_a_	Leaf	2.1735	32145	2382500	2379069	23.99580469	11040.16779	670.7872181	308620.7583	32.61341296	2399.580469
Fix_C_-Epi_L_T2_b	Leaf	2.0662	28682	2514733	2511302	21.41072236	10362.36684	708.0707967	342692.2838	38.58265884	2141.072236
Fix_C_-Epi_L_T2_c_	Leaf	2.0406	41774	2696674	2693243	31.18372205	15281.64366	759.3697281	372130.6126	28.41005792	3118.372205
Fix_C_L_T2_C1	Leaf	2.0609	22537	2469803	2466372	16.82356355	8163.211971	695.4026187	337426.6673	48.22420961	1682.356355
Fix_C_L_T2_C2	Leaf	2.1403	45423	2841039	2837608	33.90765085	15842.47575	800.0739686	373813.9366	27.52828954	3390.765085
Fix_C_L_T2_C3	Leaf	1.9962	14738	2238128	2234697	11.00171627	5511.329662	630.0810039	315640.2184	66.81634814	1100.171627
Fix_A_L_T1_C3_	Leaf	2.0977	30613	2538886	2535455	22.85218756	10893.92552	714.8808236	340792.6889	36.49662096	2285.218756
Fix_A_L_T2_+Epi_a	Leaf	2.082	25752	2414415	2410984	19.22351726	9233.197533	679.7857692	326506.1332	41.25589436	1922.351726
Fix_A_L_T2_+Epi_b	Leaf	2.0419	18490	2368862	2365431	13.80253317	6759.651878	666.941934	326628.1081	56.37363181	1380.253317
Fix_A_L_T2_+Epi_c	Leaf	1.9345	18295	2415814	2412383	13.65696833	7059.688977	680.1802224	351605.1809	58.10539893	1365.696833
Fix_A_L_T2_+Epi_d	Leaf	0.436	8052	525386	521955	6.010708333	13786.02829	147.167124	337539.2751	28.56484934	601.0708333
Fix_A_L_T2_-Epi_a	Leaf	2.2337	21167	2660534	2657103	15.80087721	7073.858266	749.1799227	335398.6313	55.31612148	1580.087721
Fix_A_L_T2_-Epi_b	Leaf	2.0669	19951	2536807	2533376	14.89314977	7205.549263	714.2946419	345587.4217	55.95483572	1489.314977
Fix_A_L_T2_-Epi_c	Leaf	2.0893	22282	2663206	2659775	16.63320952	7961.139867	749.9333029	358939.9813	52.6009238	1663.320952
Fix_A_L_T2_C1	Leaf	2.0599	36687	2517400	2513969	27.38634583	13294.98802	708.8227672	344105.4261	30.19606559	2738.634583
Fix_A_L_T2_C2	Leaf	2.2144	30837	2789014	2785583	23.01940051	10395.32176	785.4053293	354680.8748	39.80582454	2301.940051
Fix_A_L_T2_C3	Leaf	1.3139	14899	1637559	1634128	11.12190058	8464.799892	460.7483747	350672.3303	48.3316468	1112.190058
Fix_A_D_T2_+Epi_a	Leaf	2.2934	23639	2971580	2968149	17.64619154	7694.336593	836.8804816	364908.2069	55.32981775	1764.619154
Fix_A_D_T2_+Epi_b	Leaf	2.0328	36847	2512660	2509229	27.50578365	13530.98369	707.4863068	348035.3733	30.00825942	2750.578365
Fix_A_D_T2_+Epi_c	Leaf	2.2476	23560	2858705	2855274	17.58721912	7824.888378	805.054962	358184.2685	53.40416712	1758.721912
Fix_A_D_T2_+Epi_d	Leaf	2.1075	23358	2450173	2446742	17.43642887	8273.513105	689.8678683	327339.4393	46.15886959	1743.642887
Fix_A_D_T2_-Epi_a	Leaf	2.1051	28359	2412898	2409467	21.16960726	10056.34281	679.3580455	322720.0824	37.43973031	2116.960726
Fix_A_D_T2_-Epi_b	Leaf	1.9588	23992	2222132	2218701	17.90970123	9143.200548	625.5708731	319364.342	40.75069013	1790.970123
Fix_A_D_T2_-Epi_c	Leaf	2.1045	23070	2355814	2352383	17.22144079	8183.150768	663.2630026	315164.1733	44.93275829	1722.144079
Fix_A_D_T2_C1	Leaf	2.1322	54384	2767918	2764487	40.5969153	19039.919	779.4572348	365564.7851	22.3998983	4059.69153
Fix_A_D_T2_C2	Leaf	2.1302	22706	2519206	2515775	16.94971975	7956.867782	709.3319755	332988.4403	48.82405041	1694.971975
Fix_A_D_T2_C3	Leaf	2.1304	52216	2870913	2867482	38.97853283	18296.34474	808.4970523	379504.8124	24.19912943	3897.853283
Fix_C_D_T2_+Epi_a	Leaf	2.106	30296	2736730	2733299	22.61555137	10738.62838	770.663664	365937.1624	39.75616571	2261.555137
Fix_C_D_T2_+Epi_b	Leaf	2.0863	28539	2647149	2643718	21.3039748	10211.36692	745.4059729	357286.0916	40.82056563	2130.39748
Fix_C_D_T2_+Epi_c	Leaf	2.0408	23825	2470458	2467027	17.78503801	8714.738342	695.5872983	340840.5029	45.629282	1778.503801
Fix_C_D_T2_+Epi_d	Leaf	2.1691	42159	2808422	2804991	31.4711193	14508.83745	790.8774859	364610.8921	29.31863946	3147.11193
Fix_C_D_T2_-Epi_b	Leaf	2.0383	24382	2457023	2453592	18.20083092	8929.417123	691.7992509	339400.1133	44.34408129	1820.083092
Fix_C_D_T2_-Epi_c	Leaf	2.0948	40372	2650624	2647193	30.13714814	14386.647	746.3857619	356304.0681	28.89402092	3013.714814
Fix_C_D_T2_C1	Leaf	1.6854	33606	2000676	1997245	25.08642129	14884.55043	563.1305428	334122.7856	26.18889421	2508.642129
Fix_C_D_T2_C2	Leaf	2.1399	30624	2764953	2761522	22.86039891	10682.9286	778.6212422	363858.7047	39.73646536	2286.039891
Fix_C_D_T2_C3	Leaf	2.204	38273	2931916	2928485	28.57027323	12962.91889	825.6970716	374635.6949	33.71732718	2857.027323
Fix_A_+Epi_T0_a	Epiphytes	1.8448	40777	1203414	1198070	30.70694475	16645.13484	343.8799608	186405.0091	13.06522973	3070.694475
Fix_A_+Epi_T0_b	Epiphytes	2.0429	52785	1409208	1403864	39.74951759	19457.39762	402.9486568	197243.4563	11.82672885	3974.951759
Fix_A_+Epi_T0_c	Epiphytes	2.0566	52104	1107007	1101663	39.23669346	19078.42724	316.2084263	153753.0031	9.4021641	3923.669346
Fix_A_+Epi_T0_d	Epiphytes	1.4812	36709	942820	937476	27.64355482	18662.94546	269.0821155	181664.9443	11.35632291	2764.355482
Fix_A_+Epi_T0_f	Epiphytes	2.1866	35695	1358407	1353063	26.87996647	12293.04238	388.3673336	177612.4273	16.8562421	2687.996647
Fix_A_+Epi_T0_g	Epiphytes	2.4616	42990	1472365	1467021	32.3734349	13151.37914	421.0765014	171058.0522	15.17466156	3237.34349
Fix_A_L_T1_+Epi_a	Epiphytes	1.6647	25247	1097027	1091683	19.01214494	11420.76346	313.3438841	188228.44	19.22812318	1901.214494
Fix_A_L_T1_+Epi_b	Epiphytes	1.9356	37102	1246005	1240661	27.93950178	14434.54318	356.1047819	183976.4321	14.86982775	2793.950178
Fix_A_L_T1_+Epi_c	Epiphytes	1.8369	35685	1517769	1512425	26.87243602	14629.23187	434.108733	236326.8185	18.84682833	2687.243602
Fix_A_L_T1_+Epi_d	Epiphytes	2.1262	35241	1676760	1671416	26.53808372	12481.46163	479.7436448	225634.2982	21.09047981	2653.808372
Fix_A_L_T1_C1	Epiphytes	0.6514	11634	534264	528920	8.760933743	13449.39168	151.8149932	233059.5535	20.21673685	876.0933743
Fix_A_L_T1_C2	Epiphytes	2.3555	57096	2064773	2059429	42.99589763	18253.40591	591.1143454	250950.6879	16.03951635	4299.589763
Fix_A_D_T1_+Epi_a	Epiphytes	1.702	36087	1432752	1427408	27.17516039	15966.60422	409.7064505	240720.5937	17.58925622	2717.516039
Fix_A_D_T1_+Epi_c	Epiphytes	1.087	29954	1010236	1004892	22.55673108	20751.36253	288.4324134	265347.2065	14.91814045	2255.673108
Fix_A_D_T1_+Epi_d	Epiphytes	1.8838	48922	1664087	1658743	36.84050203	19556.48266	476.1061356	252737.0929	15.07735041	3684.050203
Fix_A_D_T1_C1	Epiphytes	1.9602	49935	1751030	1745686	37.60333733	19183.41869	501.0612345	255617.4036	15.54573296	3760.333733
Fix_A_D_T1_C2	Epiphytes	1.9137	53284	1361422	1356078	40.12528739	20967.38642	389.2327239	203392.7595	11.31717363	4012.528739
Fix_A_D_T1_C3	Epiphytes	1.9418	37747	1771124	1765780	28.42521626	14638.59113	506.8287806	261009.7748	20.80196114	2842.521626
DN_C_D_3h_3	Epiphytes	1.9873	23856	1065655	1060311	17.96465836	9039.731475	304.3392332	153142.0687	19.76449714	1796.465836
DN_C_L_1h_2	Epiphytes	2.0989	31024	1425664	1420320	23.36248998	11130.82566	407.6719941	194231.2612	20.35816074	2336.248998
DN_C_L_1h_3	Epiphytes	2.0563	29677	1412122	1406778	22.34813741	10868.13082	403.7850572	196364.8579	21.07927645	2234.813741
DN_C_L_1h_4	Epiphytes	2.0826	32612	1358880	1353536	24.55832656	11792.14759	388.503098	186547.1516	18.45620927	2455.832656
DN_C_L_3h_1	Epiphytes	2.1683	36939	1453818	1448474	27.81675533	12828.8315	415.752988	191741.4509	17.43715782	2781.675533
DN_C_L_3h_4	Epiphytes	2.0915	31413	1424823	1419479	23.65542476	11310.26764	407.4306033	194803.0616	20.09415213	2365.542476
DN_C_D_1h_1	Epiphytes	2.0855	31042	1423526	1418182	23.3760448	11208.84431	407.0583276	195185.0049	20.31572861	2337.60448
DN_C_D_1h_2	Epiphytes	2.149	33766	1432699	1427355	25.42734131	11832.17371	409.691238	190642.7352	18.79760472	2542.734131
DN_C_D_1h_3	Epiphytes	2.123	39929	1387383	1382039	30.06836199	14163.14743	396.6842648	186850.8077	15.39153709	3006.836199
DN_C_D_1h_4	Epiphytes	2.1555	40308	1547600	1542256	30.35376631	14082.0071	442.6710733	205368.1621	17.0143494	3035.376631
DN_C_D_3h_2	Epiphytes	2.012	47068	1484071	1478727	35.44435529	17616.47877	424.4364543	210952.5121	13.97051405	3544.435529
Fix_A_L_T1_C3_	Epiphytes	1.1151	29890	895739	890395	22.50853615	20185.2176	255.5685375	229188.8956	13.24667636	2250.853615
Fix_A_L_T2_+Epi_a	Epiphytes	0.7754	21962	680053	674709	16.53838979	21328.84936	193.6605578	249755.6845	13.66138543	1653.838979
Fix_A_L_T2_+Epi_b	Epiphytes	2.1689	46410	1383398	1378054	34.94885121	16113.62959	395.5404572	182369.1536	13.20397812	3494.885121
Fix_A_L_T2_+Epi_c	Epiphytes	2.1333	36111	1687624	1682280	27.19323349	12747.02737	482.86192	226345.0616	20.71614275	2719.323349
Fix_A_L_T2_+Epi_d	Epiphytes	0.8657	22701	527622	522278	17.09489057	19746.89912	149.9085514	173164.5505	10.23073586	1709.489057
Fix_A_L_T2_C1	Epiphytes	2.1097	63438	1271250	1265906	47.77171349	22643.84201	363.3508106	172228.6631	8.873646098	4777.171349
Fix_A_L_T2_C3	Epiphytes	1.767	40586	1105046	1099702	30.56311302	17296.61178	315.6455638	178633.5958	12.0489414	3056.311302
Fix_A_D_T2_+Epi_a	Epiphytes	0.6428	14722	502374	497030	11.08633888	17246.9491	142.6616616	221937.8681	15.01294584	1108.633888
Fix_A_D_T2_+Epi_b	Epiphytes	2.1442	47526	1372781	1367437	35.78925022	16691.19029	392.493078	183048.7259	12.79458464	3578.925022
Fix_A_D_T2_+Epi_c	Epiphytes	1.9898	30501	1260137	1254793	22.96864708	11543.19383	360.1610654	181003.6513	18.29397736	2296.864708
Fix_A_D_T2_+Epi_d	Epiphytes	0.5765	17127	434404	429060	12.89741381	22371.92334	123.15235	213620.7286	11.14004279	1289.741381
Fix_A_D_T2_C1	Epiphytes	0.5154	12182	487266	481922	9.17360279	17798.99649	138.3252385	268384.2423	17.59171926	917.360279
Fix_A_D_T2_C2	Epiphytes	2.0654	56043	1412973	1407629	42.2029405	20433.3013	404.0293183	195617.9521	11.16906861	4220.29405
Fix_A_D_T2_C3	Epiphytes	2.3661	43980	1296192	1290848	33.11895015	13997.27406	370.5098698	156590.9597	13.05178796	3311.895015
